55 123 3,9 23 18 18 28 8,6 382 54
40 150 4,1 31 20 18 22 8,1 440 84
40 60 4,0 38 18 22 22 8,2 350 78
60 90 3,9 31 19 20 20 8,45 351 60
60 100 4,4 37 19 15 23 8,8 330 54
53 85 4,2 30 20 12 18 8,3 310 96
75 95 4,0 29 21 17 15 8,5 320 78
50 70 4,1 26 19 11 18 8,5 409 84
35 60 3,9 35 21 18 23 8,2 410 72
50 90 4,0 34 19 20 27 5 310 66
35 50 4,4 27 21 20 20 8,1 334 66
50 110 4,0 27 15 18 16 8,4 325 72
45 120 4,6 16 16 36 7 6,55 330 78
48 75 4,8 21 14 50 20 5,8 365 72 

0.843 0.128 0.060 -0.135 0.087 -0.111 -0.189 0.068 -0.477 -0.212
0.128 0.690 0.020 -0.188 -0.003 -0.001 0.141 0.023 0.210 -0.134
0.060 0.020 0.922 0.090 -0.027 -0.023 -0.263 -0.177 -0.286 0.481
-0.135 -0.188 0.090 0.526 0.109 -0.043 0.137 -0.012 -0.101 -0.036
0.087 -0.003 -0.027 0.109 0.320 -0.127 -0.093 0.099 0.072 0.212
-0.111 -0.001 -0.023 -0.043 -0.127 0.201 -0.012 -0.128 -0.059 -0.123
-0.189 0.141 -0.263 0.137 -0.093 -0.012 0.488 -0.148 0.113 -0.387
0.068 0.023 -0.177 -0.012 0.099 -0.128 -0.148 0.507 0.277 0.113
-0.477 0.210 -0.286 -0.101 0.072 -0.059 0.113 0.277 0.907 0.095
-0.212 -0.134 0.481 -0.036 0.212 -0.123 -0.387 0.113 0.095 0.960

1.00 0.42 0.54 0.66
0.42 1.00 0.32 0.44
0.54 0.32 1.00 0.22
0.66 0.44 0.22 1.00